{
 "cells": [
  {
   "cell_type": "markdown",
   "metadata": {},
   "source": [
    "# Problem Set 7B\n",
    "# 2. Portfolio Management with Principal Component Analysis"
   ]
  },
  {
   "cell_type": "code",
   "execution_count": 1,
   "metadata": {},
   "outputs": [],
   "source": [
    "import numpy as np\n",
    "import pandas as pd\n",
    "import yfinance as yf\n",
    "from matplotlib import pyplot as plt\n",
    "from IPython.display import Markdown"
   ]
  },
  {
   "cell_type": "markdown",
   "metadata": {},
   "source": [
    "> Here we use yfinance package to download stock data from Yahoo!Finance"
   ]
  },
  {
   "cell_type": "markdown",
   "metadata": {},
   "source": [
    "### (1)  Download  from  Yahoo!Finance  the  daily  closing  price  of  the  \n",
    "following  constituents  of  S&P \n",
    "500:MSFT, AAPL, AMZN, GOOGL, TSLA, GOOG, FB, NVDA, BRK-B, JPM\n",
    "Also download the daily closing price of S&P 500 (^GSPC).\n",
    "The period is from 28 November 2021 to 27 November 2022. (In Yahoo!Finance you need to type \n",
    "the end date as 11/28/2022.) Calculate the return 𝑅𝑖(𝑡) of the stock 𝑖 on day 𝑡 from 28 November \n",
    "2021 to 27 November 2022 using the formula\n",
    "𝑅𝑖(𝑡) = ln 𝑥𝑖(𝑡 + 1) ― ln 𝑥𝑖(𝑡),\n",
    "where 𝑥𝑖(𝑡) is the stock price on day 𝑡."
   ]
  },
  {
   "cell_type": "code",
   "execution_count": 2,
   "metadata": {},
   "outputs": [
    {
     "name": "stdout",
     "output_type": "stream",
     "text": [
      "[*********************100%***********************]  1 of 1 completed\n",
      "[*********************100%***********************]  1 of 1 completed\n",
      "[*********************100%***********************]  1 of 1 completed\n",
      "[*********************100%***********************]  1 of 1 completed\n",
      "[*********************100%***********************]  1 of 1 completed\n",
      "[*********************100%***********************]  1 of 1 completed\n",
      "[*********************100%***********************]  1 of 1 completed\n",
      "[*********************100%***********************]  1 of 1 completed\n",
      "[*********************100%***********************]  1 of 1 completed\n",
      "[*********************100%***********************]  1 of 1 completed\n",
      "[*********************100%***********************]  1 of 1 completed\n"
     ]
    },
    {
     "data": {
      "text/html": [
       "<div>\n",
       "<style scoped>\n",
       "    .dataframe tbody tr th:only-of-type {\n",
       "        vertical-align: middle;\n",
       "    }\n",
       "\n",
       "    .dataframe tbody tr th {\n",
       "        vertical-align: top;\n",
       "    }\n",
       "\n",
       "    .dataframe thead th {\n",
       "        text-align: right;\n",
       "    }\n",
       "</style>\n",
       "<table border=\"1\" class=\"dataframe\">\n",
       "  <thead>\n",
       "    <tr style=\"text-align: right;\">\n",
       "      <th></th>\n",
       "      <th>^GSPC</th>\n",
       "      <th>MSFT</th>\n",
       "      <th>AAPL</th>\n",
       "      <th>AMZN</th>\n",
       "      <th>GOOGL</th>\n",
       "      <th>TSLA</th>\n",
       "      <th>GOOG</th>\n",
       "      <th>META</th>\n",
       "      <th>NVDA</th>\n",
       "      <th>BRK-B</th>\n",
       "      <th>JPM</th>\n",
       "    </tr>\n",
       "    <tr>\n",
       "      <th>Date</th>\n",
       "      <th></th>\n",
       "      <th></th>\n",
       "      <th></th>\n",
       "      <th></th>\n",
       "      <th></th>\n",
       "      <th></th>\n",
       "      <th></th>\n",
       "      <th></th>\n",
       "      <th></th>\n",
       "      <th></th>\n",
       "      <th></th>\n",
       "    </tr>\n",
       "  </thead>\n",
       "  <tbody>\n",
       "    <tr>\n",
       "      <th>2021-11-29</th>\n",
       "      <td>4655.270020</td>\n",
       "      <td>333.505005</td>\n",
       "      <td>159.315369</td>\n",
       "      <td>178.078506</td>\n",
       "      <td>145.530502</td>\n",
       "      <td>378.996674</td>\n",
       "      <td>146.113998</td>\n",
       "      <td>338.029999</td>\n",
       "      <td>333.492676</td>\n",
       "      <td>282.119995</td>\n",
       "      <td>156.296783</td>\n",
       "    </tr>\n",
       "    <tr>\n",
       "      <th>2021-11-30</th>\n",
       "      <td>4567.000000</td>\n",
       "      <td>327.521088</td>\n",
       "      <td>164.346176</td>\n",
       "      <td>175.353500</td>\n",
       "      <td>141.897507</td>\n",
       "      <td>381.586670</td>\n",
       "      <td>142.451996</td>\n",
       "      <td>324.459991</td>\n",
       "      <td>326.498291</td>\n",
       "      <td>276.690002</td>\n",
       "      <td>153.970215</td>\n",
       "    </tr>\n",
       "    <tr>\n",
       "      <th>2021-12-01</th>\n",
       "      <td>4513.040039</td>\n",
       "      <td>327.015808</td>\n",
       "      <td>163.819229</td>\n",
       "      <td>172.186005</td>\n",
       "      <td>141.051498</td>\n",
       "      <td>365.000000</td>\n",
       "      <td>141.617996</td>\n",
       "      <td>310.600006</td>\n",
       "      <td>314.136688</td>\n",
       "      <td>275.000000</td>\n",
       "      <td>153.058975</td>\n",
       "    </tr>\n",
       "    <tr>\n",
       "      <th>2021-12-02</th>\n",
       "      <td>4577.100098</td>\n",
       "      <td>326.431305</td>\n",
       "      <td>162.815063</td>\n",
       "      <td>171.867996</td>\n",
       "      <td>142.966003</td>\n",
       "      <td>361.533325</td>\n",
       "      <td>143.776505</td>\n",
       "      <td>310.390015</td>\n",
       "      <td>321.041992</td>\n",
       "      <td>279.089996</td>\n",
       "      <td>156.277405</td>\n",
       "    </tr>\n",
       "    <tr>\n",
       "      <th>2021-12-03</th>\n",
       "      <td>4538.430176</td>\n",
       "      <td>320.011444</td>\n",
       "      <td>160.906128</td>\n",
       "      <td>169.489502</td>\n",
       "      <td>142.001495</td>\n",
       "      <td>338.323334</td>\n",
       "      <td>142.520493</td>\n",
       "      <td>306.839996</td>\n",
       "      <td>306.721680</td>\n",
       "      <td>277.429993</td>\n",
       "      <td>153.446747</td>\n",
       "    </tr>\n",
       "    <tr>\n",
       "      <th>...</th>\n",
       "      <td>...</td>\n",
       "      <td>...</td>\n",
       "      <td>...</td>\n",
       "      <td>...</td>\n",
       "      <td>...</td>\n",
       "      <td>...</td>\n",
       "      <td>...</td>\n",
       "      <td>...</td>\n",
       "      <td>...</td>\n",
       "      <td>...</td>\n",
       "      <td>...</td>\n",
       "    </tr>\n",
       "    <tr>\n",
       "      <th>2022-11-18</th>\n",
       "      <td>3965.340088</td>\n",
       "      <td>241.220001</td>\n",
       "      <td>151.289993</td>\n",
       "      <td>94.139999</td>\n",
       "      <td>97.430000</td>\n",
       "      <td>180.190002</td>\n",
       "      <td>97.800003</td>\n",
       "      <td>112.050003</td>\n",
       "      <td>154.089996</td>\n",
       "      <td>310.760010</td>\n",
       "      <td>133.839996</td>\n",
       "    </tr>\n",
       "    <tr>\n",
       "      <th>2022-11-21</th>\n",
       "      <td>3949.939941</td>\n",
       "      <td>242.050003</td>\n",
       "      <td>148.009995</td>\n",
       "      <td>92.459999</td>\n",
       "      <td>95.599998</td>\n",
       "      <td>167.869995</td>\n",
       "      <td>95.830002</td>\n",
       "      <td>109.860001</td>\n",
       "      <td>153.169998</td>\n",
       "      <td>311.200012</td>\n",
       "      <td>133.050003</td>\n",
       "    </tr>\n",
       "    <tr>\n",
       "      <th>2022-11-22</th>\n",
       "      <td>4003.580078</td>\n",
       "      <td>245.029999</td>\n",
       "      <td>150.179993</td>\n",
       "      <td>93.199997</td>\n",
       "      <td>97.050003</td>\n",
       "      <td>169.910004</td>\n",
       "      <td>97.330002</td>\n",
       "      <td>111.440002</td>\n",
       "      <td>160.380005</td>\n",
       "      <td>315.760010</td>\n",
       "      <td>135.039993</td>\n",
       "    </tr>\n",
       "    <tr>\n",
       "      <th>2022-11-23</th>\n",
       "      <td>4027.260010</td>\n",
       "      <td>247.580002</td>\n",
       "      <td>151.070007</td>\n",
       "      <td>94.129997</td>\n",
       "      <td>98.459999</td>\n",
       "      <td>183.199997</td>\n",
       "      <td>98.820000</td>\n",
       "      <td>112.239998</td>\n",
       "      <td>165.190002</td>\n",
       "      <td>316.179993</td>\n",
       "      <td>136.479996</td>\n",
       "    </tr>\n",
       "    <tr>\n",
       "      <th>2022-11-25</th>\n",
       "      <td>4026.120117</td>\n",
       "      <td>247.490005</td>\n",
       "      <td>148.110001</td>\n",
       "      <td>93.410004</td>\n",
       "      <td>97.459999</td>\n",
       "      <td>182.860001</td>\n",
       "      <td>97.599998</td>\n",
       "      <td>111.410004</td>\n",
       "      <td>162.699997</td>\n",
       "      <td>317.429993</td>\n",
       "      <td>136.740005</td>\n",
       "    </tr>\n",
       "  </tbody>\n",
       "</table>\n",
       "<p>251 rows × 11 columns</p>\n",
       "</div>"
      ],
      "text/plain": [
       "                  ^GSPC        MSFT        AAPL        AMZN       GOOGL  \\\n",
       "Date                                                                      \n",
       "2021-11-29  4655.270020  333.505005  159.315369  178.078506  145.530502   \n",
       "2021-11-30  4567.000000  327.521088  164.346176  175.353500  141.897507   \n",
       "2021-12-01  4513.040039  327.015808  163.819229  172.186005  141.051498   \n",
       "2021-12-02  4577.100098  326.431305  162.815063  171.867996  142.966003   \n",
       "2021-12-03  4538.430176  320.011444  160.906128  169.489502  142.001495   \n",
       "...                 ...         ...         ...         ...         ...   \n",
       "2022-11-18  3965.340088  241.220001  151.289993   94.139999   97.430000   \n",
       "2022-11-21  3949.939941  242.050003  148.009995   92.459999   95.599998   \n",
       "2022-11-22  4003.580078  245.029999  150.179993   93.199997   97.050003   \n",
       "2022-11-23  4027.260010  247.580002  151.070007   94.129997   98.459999   \n",
       "2022-11-25  4026.120117  247.490005  148.110001   93.410004   97.459999   \n",
       "\n",
       "                  TSLA        GOOG        META        NVDA       BRK-B  \\\n",
       "Date                                                                     \n",
       "2021-11-29  378.996674  146.113998  338.029999  333.492676  282.119995   \n",
       "2021-11-30  381.586670  142.451996  324.459991  326.498291  276.690002   \n",
       "2021-12-01  365.000000  141.617996  310.600006  314.136688  275.000000   \n",
       "2021-12-02  361.533325  143.776505  310.390015  321.041992  279.089996   \n",
       "2021-12-03  338.323334  142.520493  306.839996  306.721680  277.429993   \n",
       "...                ...         ...         ...         ...         ...   \n",
       "2022-11-18  180.190002   97.800003  112.050003  154.089996  310.760010   \n",
       "2022-11-21  167.869995   95.830002  109.860001  153.169998  311.200012   \n",
       "2022-11-22  169.910004   97.330002  111.440002  160.380005  315.760010   \n",
       "2022-11-23  183.199997   98.820000  112.239998  165.190002  316.179993   \n",
       "2022-11-25  182.860001   97.599998  111.410004  162.699997  317.429993   \n",
       "\n",
       "                   JPM  \n",
       "Date                    \n",
       "2021-11-29  156.296783  \n",
       "2021-11-30  153.970215  \n",
       "2021-12-01  153.058975  \n",
       "2021-12-02  156.277405  \n",
       "2021-12-03  153.446747  \n",
       "...                ...  \n",
       "2022-11-18  133.839996  \n",
       "2022-11-21  133.050003  \n",
       "2022-11-22  135.039993  \n",
       "2022-11-23  136.479996  \n",
       "2022-11-25  136.740005  \n",
       "\n",
       "[251 rows x 11 columns]"
      ]
     },
     "execution_count": 2,
     "metadata": {},
     "output_type": "execute_result"
    }
   ],
   "source": [
    "data = yf.download(\"^GSPC\", start=\"2021-11-28\",\n",
    "                   end=\"2022-11-28\", threads=False)\n",
    "price_df = pd.DataFrame(index=data.index)\n",
    "price_df[\"^GSPC\"] = data[\"Adj Close\"]\n",
    "stock_names = \"MSFT, AAPL, AMZN, GOOGL, TSLA, GOOG, META, NVDA, BRK-B, JPM\".split(\n",
    "    \", \")\n",
    "for stock_name in stock_names:\n",
    "    data = yf.download(stock_name, start=\"2021-11-28\",\n",
    "                       end=\"2022-11-28\", threads=False)\n",
    "    price_df[stock_name] = data[\"Adj Close\"]\n",
    "price_df.to_csv(\"data/S&P500.csv\")\n",
    "price_df"
   ]
  },
  {
   "cell_type": "code",
   "execution_count": 3,
   "metadata": {},
   "outputs": [
    {
     "data": {
      "text/html": [
       "<div>\n",
       "<style scoped>\n",
       "    .dataframe tbody tr th:only-of-type {\n",
       "        vertical-align: middle;\n",
       "    }\n",
       "\n",
       "    .dataframe tbody tr th {\n",
       "        vertical-align: top;\n",
       "    }\n",
       "\n",
       "    .dataframe thead th {\n",
       "        text-align: right;\n",
       "    }\n",
       "</style>\n",
       "<table border=\"1\" class=\"dataframe\">\n",
       "  <thead>\n",
       "    <tr style=\"text-align: right;\">\n",
       "      <th></th>\n",
       "      <th>^GSPC</th>\n",
       "      <th>MSFT</th>\n",
       "      <th>AAPL</th>\n",
       "      <th>AMZN</th>\n",
       "      <th>GOOGL</th>\n",
       "      <th>TSLA</th>\n",
       "      <th>GOOG</th>\n",
       "      <th>META</th>\n",
       "      <th>NVDA</th>\n",
       "      <th>BRK-B</th>\n",
       "      <th>JPM</th>\n",
       "    </tr>\n",
       "    <tr>\n",
       "      <th>Date</th>\n",
       "      <th></th>\n",
       "      <th></th>\n",
       "      <th></th>\n",
       "      <th></th>\n",
       "      <th></th>\n",
       "      <th></th>\n",
       "      <th></th>\n",
       "      <th></th>\n",
       "      <th></th>\n",
       "      <th></th>\n",
       "      <th></th>\n",
       "    </tr>\n",
       "  </thead>\n",
       "  <tbody>\n",
       "    <tr>\n",
       "      <th>2021-11-29</th>\n",
       "      <td>NaN</td>\n",
       "      <td>NaN</td>\n",
       "      <td>NaN</td>\n",
       "      <td>NaN</td>\n",
       "      <td>NaN</td>\n",
       "      <td>NaN</td>\n",
       "      <td>NaN</td>\n",
       "      <td>NaN</td>\n",
       "      <td>NaN</td>\n",
       "      <td>NaN</td>\n",
       "      <td>NaN</td>\n",
       "    </tr>\n",
       "    <tr>\n",
       "      <th>2021-11-30</th>\n",
       "      <td>-0.019143</td>\n",
       "      <td>-0.018105</td>\n",
       "      <td>0.031089</td>\n",
       "      <td>-0.015421</td>\n",
       "      <td>-0.025281</td>\n",
       "      <td>0.006811</td>\n",
       "      <td>-0.025382</td>\n",
       "      <td>-0.040972</td>\n",
       "      <td>-0.021196</td>\n",
       "      <td>-0.019435</td>\n",
       "      <td>-0.014997</td>\n",
       "    </tr>\n",
       "    <tr>\n",
       "      <th>2021-12-01</th>\n",
       "      <td>-0.011886</td>\n",
       "      <td>-0.001544</td>\n",
       "      <td>-0.003211</td>\n",
       "      <td>-0.018229</td>\n",
       "      <td>-0.005980</td>\n",
       "      <td>-0.044441</td>\n",
       "      <td>-0.005872</td>\n",
       "      <td>-0.043656</td>\n",
       "      <td>-0.038597</td>\n",
       "      <td>-0.006127</td>\n",
       "      <td>-0.005936</td>\n",
       "    </tr>\n",
       "    <tr>\n",
       "      <th>2021-12-02</th>\n",
       "      <td>0.014095</td>\n",
       "      <td>-0.001789</td>\n",
       "      <td>-0.006149</td>\n",
       "      <td>-0.001849</td>\n",
       "      <td>0.013482</td>\n",
       "      <td>-0.009543</td>\n",
       "      <td>0.015127</td>\n",
       "      <td>-0.000676</td>\n",
       "      <td>0.021744</td>\n",
       "      <td>0.014763</td>\n",
       "      <td>0.020809</td>\n",
       "    </tr>\n",
       "    <tr>\n",
       "      <th>2021-12-03</th>\n",
       "      <td>-0.008484</td>\n",
       "      <td>-0.019863</td>\n",
       "      <td>-0.011794</td>\n",
       "      <td>-0.013936</td>\n",
       "      <td>-0.006769</td>\n",
       "      <td>-0.066352</td>\n",
       "      <td>-0.008774</td>\n",
       "      <td>-0.011503</td>\n",
       "      <td>-0.045631</td>\n",
       "      <td>-0.005966</td>\n",
       "      <td>-0.018279</td>\n",
       "    </tr>\n",
       "    <tr>\n",
       "      <th>...</th>\n",
       "      <td>...</td>\n",
       "      <td>...</td>\n",
       "      <td>...</td>\n",
       "      <td>...</td>\n",
       "      <td>...</td>\n",
       "      <td>...</td>\n",
       "      <td>...</td>\n",
       "      <td>...</td>\n",
       "      <td>...</td>\n",
       "      <td>...</td>\n",
       "      <td>...</td>\n",
       "    </tr>\n",
       "    <tr>\n",
       "      <th>2022-11-18</th>\n",
       "      <td>0.004747</td>\n",
       "      <td>-0.001905</td>\n",
       "      <td>0.003775</td>\n",
       "      <td>-0.007514</td>\n",
       "      <td>-0.009500</td>\n",
       "      <td>-0.016403</td>\n",
       "      <td>-0.007132</td>\n",
       "      <td>0.005369</td>\n",
       "      <td>-0.017243</td>\n",
       "      <td>0.010741</td>\n",
       "      <td>0.009761</td>\n",
       "    </tr>\n",
       "    <tr>\n",
       "      <th>2022-11-21</th>\n",
       "      <td>-0.003891</td>\n",
       "      <td>0.003435</td>\n",
       "      <td>-0.021919</td>\n",
       "      <td>-0.018007</td>\n",
       "      <td>-0.018961</td>\n",
       "      <td>-0.070822</td>\n",
       "      <td>-0.020349</td>\n",
       "      <td>-0.019738</td>\n",
       "      <td>-0.005988</td>\n",
       "      <td>0.001415</td>\n",
       "      <td>-0.005920</td>\n",
       "    </tr>\n",
       "    <tr>\n",
       "      <th>2022-11-22</th>\n",
       "      <td>0.013489</td>\n",
       "      <td>0.012236</td>\n",
       "      <td>0.014555</td>\n",
       "      <td>0.007972</td>\n",
       "      <td>0.015054</td>\n",
       "      <td>0.012079</td>\n",
       "      <td>0.015531</td>\n",
       "      <td>0.014280</td>\n",
       "      <td>0.045998</td>\n",
       "      <td>0.014547</td>\n",
       "      <td>0.014846</td>\n",
       "    </tr>\n",
       "    <tr>\n",
       "      <th>2022-11-23</th>\n",
       "      <td>0.005897</td>\n",
       "      <td>0.010353</td>\n",
       "      <td>0.005909</td>\n",
       "      <td>0.009929</td>\n",
       "      <td>0.014424</td>\n",
       "      <td>0.075310</td>\n",
       "      <td>0.015193</td>\n",
       "      <td>0.007153</td>\n",
       "      <td>0.029550</td>\n",
       "      <td>0.001329</td>\n",
       "      <td>0.010607</td>\n",
       "    </tr>\n",
       "    <tr>\n",
       "      <th>2022-11-25</th>\n",
       "      <td>-0.000283</td>\n",
       "      <td>-0.000364</td>\n",
       "      <td>-0.019788</td>\n",
       "      <td>-0.007678</td>\n",
       "      <td>-0.010208</td>\n",
       "      <td>-0.001858</td>\n",
       "      <td>-0.012423</td>\n",
       "      <td>-0.007422</td>\n",
       "      <td>-0.015188</td>\n",
       "      <td>0.003946</td>\n",
       "      <td>0.001903</td>\n",
       "    </tr>\n",
       "  </tbody>\n",
       "</table>\n",
       "<p>251 rows × 11 columns</p>\n",
       "</div>"
      ],
      "text/plain": [
       "               ^GSPC      MSFT      AAPL      AMZN     GOOGL      TSLA  \\\n",
       "Date                                                                     \n",
       "2021-11-29       NaN       NaN       NaN       NaN       NaN       NaN   \n",
       "2021-11-30 -0.019143 -0.018105  0.031089 -0.015421 -0.025281  0.006811   \n",
       "2021-12-01 -0.011886 -0.001544 -0.003211 -0.018229 -0.005980 -0.044441   \n",
       "2021-12-02  0.014095 -0.001789 -0.006149 -0.001849  0.013482 -0.009543   \n",
       "2021-12-03 -0.008484 -0.019863 -0.011794 -0.013936 -0.006769 -0.066352   \n",
       "...              ...       ...       ...       ...       ...       ...   \n",
       "2022-11-18  0.004747 -0.001905  0.003775 -0.007514 -0.009500 -0.016403   \n",
       "2022-11-21 -0.003891  0.003435 -0.021919 -0.018007 -0.018961 -0.070822   \n",
       "2022-11-22  0.013489  0.012236  0.014555  0.007972  0.015054  0.012079   \n",
       "2022-11-23  0.005897  0.010353  0.005909  0.009929  0.014424  0.075310   \n",
       "2022-11-25 -0.000283 -0.000364 -0.019788 -0.007678 -0.010208 -0.001858   \n",
       "\n",
       "                GOOG      META      NVDA     BRK-B       JPM  \n",
       "Date                                                          \n",
       "2021-11-29       NaN       NaN       NaN       NaN       NaN  \n",
       "2021-11-30 -0.025382 -0.040972 -0.021196 -0.019435 -0.014997  \n",
       "2021-12-01 -0.005872 -0.043656 -0.038597 -0.006127 -0.005936  \n",
       "2021-12-02  0.015127 -0.000676  0.021744  0.014763  0.020809  \n",
       "2021-12-03 -0.008774 -0.011503 -0.045631 -0.005966 -0.018279  \n",
       "...              ...       ...       ...       ...       ...  \n",
       "2022-11-18 -0.007132  0.005369 -0.017243  0.010741  0.009761  \n",
       "2022-11-21 -0.020349 -0.019738 -0.005988  0.001415 -0.005920  \n",
       "2022-11-22  0.015531  0.014280  0.045998  0.014547  0.014846  \n",
       "2022-11-23  0.015193  0.007153  0.029550  0.001329  0.010607  \n",
       "2022-11-25 -0.012423 -0.007422 -0.015188  0.003946  0.001903  \n",
       "\n",
       "[251 rows x 11 columns]"
      ]
     },
     "execution_count": 3,
     "metadata": {},
     "output_type": "execute_result"
    }
   ],
   "source": [
    "return_df = price_df.apply(np.log).diff()\n",
    "return_df"
   ]
  },
  {
   "cell_type": "markdown",
   "metadata": {},
   "source": [
    "### (2) Construct and output the correlation matrix of the 10 stocks."
   ]
  },
  {
   "cell_type": "code",
   "execution_count": 4,
   "metadata": {},
   "outputs": [
    {
     "data": {
      "text/html": [
       "<div>\n",
       "<style scoped>\n",
       "    .dataframe tbody tr th:only-of-type {\n",
       "        vertical-align: middle;\n",
       "    }\n",
       "\n",
       "    .dataframe tbody tr th {\n",
       "        vertical-align: top;\n",
       "    }\n",
       "\n",
       "    .dataframe thead th {\n",
       "        text-align: right;\n",
       "    }\n",
       "</style>\n",
       "<table border=\"1\" class=\"dataframe\">\n",
       "  <thead>\n",
       "    <tr style=\"text-align: right;\">\n",
       "      <th></th>\n",
       "      <th>MSFT</th>\n",
       "      <th>AAPL</th>\n",
       "      <th>AMZN</th>\n",
       "      <th>GOOGL</th>\n",
       "      <th>TSLA</th>\n",
       "      <th>GOOG</th>\n",
       "      <th>META</th>\n",
       "      <th>NVDA</th>\n",
       "      <th>BRK-B</th>\n",
       "      <th>JPM</th>\n",
       "    </tr>\n",
       "  </thead>\n",
       "  <tbody>\n",
       "    <tr>\n",
       "      <th>MSFT</th>\n",
       "      <td>1.000000</td>\n",
       "      <td>0.810413</td>\n",
       "      <td>0.729018</td>\n",
       "      <td>0.844061</td>\n",
       "      <td>0.576430</td>\n",
       "      <td>0.839346</td>\n",
       "      <td>0.594170</td>\n",
       "      <td>0.771785</td>\n",
       "      <td>0.610832</td>\n",
       "      <td>0.512967</td>\n",
       "    </tr>\n",
       "    <tr>\n",
       "      <th>AAPL</th>\n",
       "      <td>0.810413</td>\n",
       "      <td>1.000000</td>\n",
       "      <td>0.683967</td>\n",
       "      <td>0.776904</td>\n",
       "      <td>0.668603</td>\n",
       "      <td>0.769650</td>\n",
       "      <td>0.556775</td>\n",
       "      <td>0.748972</td>\n",
       "      <td>0.641247</td>\n",
       "      <td>0.528112</td>\n",
       "    </tr>\n",
       "    <tr>\n",
       "      <th>AMZN</th>\n",
       "      <td>0.729018</td>\n",
       "      <td>0.683967</td>\n",
       "      <td>1.000000</td>\n",
       "      <td>0.717235</td>\n",
       "      <td>0.601187</td>\n",
       "      <td>0.719412</td>\n",
       "      <td>0.589946</td>\n",
       "      <td>0.697680</td>\n",
       "      <td>0.544159</td>\n",
       "      <td>0.496756</td>\n",
       "    </tr>\n",
       "    <tr>\n",
       "      <th>GOOGL</th>\n",
       "      <td>0.844061</td>\n",
       "      <td>0.776904</td>\n",
       "      <td>0.717235</td>\n",
       "      <td>1.000000</td>\n",
       "      <td>0.564512</td>\n",
       "      <td>0.997506</td>\n",
       "      <td>0.647684</td>\n",
       "      <td>0.765353</td>\n",
       "      <td>0.609479</td>\n",
       "      <td>0.516643</td>\n",
       "    </tr>\n",
       "    <tr>\n",
       "      <th>TSLA</th>\n",
       "      <td>0.576430</td>\n",
       "      <td>0.668603</td>\n",
       "      <td>0.601187</td>\n",
       "      <td>0.564512</td>\n",
       "      <td>1.000000</td>\n",
       "      <td>0.558566</td>\n",
       "      <td>0.392082</td>\n",
       "      <td>0.690754</td>\n",
       "      <td>0.398875</td>\n",
       "      <td>0.382005</td>\n",
       "    </tr>\n",
       "    <tr>\n",
       "      <th>GOOG</th>\n",
       "      <td>0.839346</td>\n",
       "      <td>0.769650</td>\n",
       "      <td>0.719412</td>\n",
       "      <td>0.997506</td>\n",
       "      <td>0.558566</td>\n",
       "      <td>1.000000</td>\n",
       "      <td>0.649263</td>\n",
       "      <td>0.761417</td>\n",
       "      <td>0.605628</td>\n",
       "      <td>0.513054</td>\n",
       "    </tr>\n",
       "    <tr>\n",
       "      <th>META</th>\n",
       "      <td>0.594170</td>\n",
       "      <td>0.556775</td>\n",
       "      <td>0.589946</td>\n",
       "      <td>0.647684</td>\n",
       "      <td>0.392082</td>\n",
       "      <td>0.649263</td>\n",
       "      <td>1.000000</td>\n",
       "      <td>0.564882</td>\n",
       "      <td>0.411686</td>\n",
       "      <td>0.378476</td>\n",
       "    </tr>\n",
       "    <tr>\n",
       "      <th>NVDA</th>\n",
       "      <td>0.771785</td>\n",
       "      <td>0.748972</td>\n",
       "      <td>0.697680</td>\n",
       "      <td>0.765353</td>\n",
       "      <td>0.690754</td>\n",
       "      <td>0.761417</td>\n",
       "      <td>0.564882</td>\n",
       "      <td>1.000000</td>\n",
       "      <td>0.551855</td>\n",
       "      <td>0.521554</td>\n",
       "    </tr>\n",
       "    <tr>\n",
       "      <th>BRK-B</th>\n",
       "      <td>0.610832</td>\n",
       "      <td>0.641247</td>\n",
       "      <td>0.544159</td>\n",
       "      <td>0.609479</td>\n",
       "      <td>0.398875</td>\n",
       "      <td>0.605628</td>\n",
       "      <td>0.411686</td>\n",
       "      <td>0.551855</td>\n",
       "      <td>1.000000</td>\n",
       "      <td>0.706998</td>\n",
       "    </tr>\n",
       "    <tr>\n",
       "      <th>JPM</th>\n",
       "      <td>0.512967</td>\n",
       "      <td>0.528112</td>\n",
       "      <td>0.496756</td>\n",
       "      <td>0.516643</td>\n",
       "      <td>0.382005</td>\n",
       "      <td>0.513054</td>\n",
       "      <td>0.378476</td>\n",
       "      <td>0.521554</td>\n",
       "      <td>0.706998</td>\n",
       "      <td>1.000000</td>\n",
       "    </tr>\n",
       "  </tbody>\n",
       "</table>\n",
       "</div>"
      ],
      "text/plain": [
       "           MSFT      AAPL      AMZN     GOOGL      TSLA      GOOG      META  \\\n",
       "MSFT   1.000000  0.810413  0.729018  0.844061  0.576430  0.839346  0.594170   \n",
       "AAPL   0.810413  1.000000  0.683967  0.776904  0.668603  0.769650  0.556775   \n",
       "AMZN   0.729018  0.683967  1.000000  0.717235  0.601187  0.719412  0.589946   \n",
       "GOOGL  0.844061  0.776904  0.717235  1.000000  0.564512  0.997506  0.647684   \n",
       "TSLA   0.576430  0.668603  0.601187  0.564512  1.000000  0.558566  0.392082   \n",
       "GOOG   0.839346  0.769650  0.719412  0.997506  0.558566  1.000000  0.649263   \n",
       "META   0.594170  0.556775  0.589946  0.647684  0.392082  0.649263  1.000000   \n",
       "NVDA   0.771785  0.748972  0.697680  0.765353  0.690754  0.761417  0.564882   \n",
       "BRK-B  0.610832  0.641247  0.544159  0.609479  0.398875  0.605628  0.411686   \n",
       "JPM    0.512967  0.528112  0.496756  0.516643  0.382005  0.513054  0.378476   \n",
       "\n",
       "           NVDA     BRK-B       JPM  \n",
       "MSFT   0.771785  0.610832  0.512967  \n",
       "AAPL   0.748972  0.641247  0.528112  \n",
       "AMZN   0.697680  0.544159  0.496756  \n",
       "GOOGL  0.765353  0.609479  0.516643  \n",
       "TSLA   0.690754  0.398875  0.382005  \n",
       "GOOG   0.761417  0.605628  0.513054  \n",
       "META   0.564882  0.411686  0.378476  \n",
       "NVDA   1.000000  0.551855  0.521554  \n",
       "BRK-B  0.551855  1.000000  0.706998  \n",
       "JPM    0.521554  0.706998  1.000000  "
      ]
     },
     "execution_count": 4,
     "metadata": {},
     "output_type": "execute_result"
    }
   ],
   "source": [
    "CMdf = return_df.loc[:,\"MSFT\":].corr()\n",
    "CMdf"
   ]
  },
  {
   "cell_type": "markdown",
   "metadata": {},
   "source": [
    "### (3) Compute and output the eigenvalues and eigenvectors of the correlation matrix, respectively."
   ]
  },
  {
   "cell_type": "code",
   "execution_count": 5,
   "metadata": {},
   "outputs": [
    {
     "name": "stdout",
     "output_type": "stream",
     "text": [
      "eigenvalues:\n",
      " [2.375e-03 1.510e-01 2.218e-01 2.406e-01 3.047e-01 3.295e-01 4.698e-01\n",
      " 6.763e-01 8.778e-01 6.726e+00]\n",
      "eigenvectors:\n",
      " [[ 8.328e-03  7.487e-01 -2.411e-01 -3.955e-01 -7.809e-02  7.331e-02\n",
      "   2.820e-01 -6.521e-02  9.336e-02  3.477e-01]\n",
      " [ 9.396e-03 -5.248e-01 -5.102e-01 -2.470e-01 -4.274e-01 -2.280e-01\n",
      "   1.566e-01  1.626e-01  3.444e-02  3.411e-01]\n",
      " [-9.917e-03 -1.489e-01 -6.892e-03  2.850e-02 -1.123e-01  8.850e-01\n",
      "  -2.548e-01  3.653e-02  1.086e-01  3.209e-01]\n",
      " [-7.122e-01 -1.009e-01  2.378e-02  3.438e-01  2.371e-01 -4.440e-02\n",
      "   3.362e-01 -2.232e-01  1.284e-01  3.554e-01]\n",
      " [ 3.828e-03  2.485e-01 -8.499e-03  4.249e-01 -1.973e-02 -2.114e-01\n",
      "  -2.742e-01  7.108e-01  2.386e-01  2.741e-01]\n",
      " [ 7.018e-01 -1.072e-01  3.307e-02  3.560e-01  2.440e-01 -2.966e-02\n",
      "   3.325e-01 -2.333e-01  1.315e-01  3.542e-01]\n",
      " [-1.872e-03  6.535e-02  1.036e-02  1.819e-03 -1.518e-01 -3.037e-01\n",
      "  -6.654e-01 -5.572e-01  2.304e-01  2.719e-01]\n",
      " [ 1.380e-03 -2.145e-01  5.756e-01 -5.718e-01  3.235e-01 -1.259e-01\n",
      "  -2.576e-02  2.123e-01  1.294e-01  3.358e-01]\n",
      " [ 6.343e-04  9.105e-02  4.768e-01  1.682e-01 -5.433e-01 -5.498e-02\n",
      "   1.035e-01 -3.019e-02 -5.880e-01  2.837e-01]\n",
      " [ 1.673e-03  2.382e-03 -3.478e-01 -3.270e-02  5.094e-01 -2.744e-02\n",
      "  -2.795e-01  4.456e-02 -6.870e-01  2.561e-01]]\n"
     ]
    }
   ],
   "source": [
    "CM = CMdf.to_numpy()\n",
    "eigvals,eigvecs = np.linalg.eigh(CM)\n",
    "with np.printoptions(precision=3):\n",
    "    print(\"eigenvalues:\\n\",eigvals)\n",
    "    print(\"eigenvectors:\\n\",eigvecs)"
   ]
  },
  {
   "cell_type": "markdown",
   "metadata": {},
   "source": [
    "### (4) Sort the eigenvalues and eigenvectors in descending magnitude of the eigenvalues. \n",
    "Output \n",
    "the sorted eigenvalues and eigenvectors."
   ]
  },
  {
   "cell_type": "code",
   "execution_count": 6,
   "metadata": {},
   "outputs": [
    {
     "name": "stdout",
     "output_type": "stream",
     "text": [
      "eigenvalues:\n",
      " [6.726e+00 8.778e-01 6.763e-01 4.698e-01 3.295e-01 3.047e-01 2.406e-01\n",
      " 2.218e-01 1.510e-01 2.375e-03]\n",
      "eigenvectors:\n",
      " [[ 3.477e-01  9.336e-02 -6.521e-02  2.820e-01  7.331e-02 -7.809e-02\n",
      "  -3.955e-01 -2.411e-01  7.487e-01  8.328e-03]\n",
      " [ 3.411e-01  3.444e-02  1.626e-01  1.566e-01 -2.280e-01 -4.274e-01\n",
      "  -2.470e-01 -5.102e-01 -5.248e-01  9.396e-03]\n",
      " [ 3.209e-01  1.086e-01  3.653e-02 -2.548e-01  8.850e-01 -1.123e-01\n",
      "   2.850e-02 -6.892e-03 -1.489e-01 -9.917e-03]\n",
      " [ 3.554e-01  1.284e-01 -2.232e-01  3.362e-01 -4.440e-02  2.371e-01\n",
      "   3.438e-01  2.378e-02 -1.009e-01 -7.122e-01]\n",
      " [ 2.741e-01  2.386e-01  7.108e-01 -2.742e-01 -2.114e-01 -1.973e-02\n",
      "   4.249e-01 -8.499e-03  2.485e-01  3.828e-03]\n",
      " [ 3.542e-01  1.315e-01 -2.333e-01  3.325e-01 -2.966e-02  2.440e-01\n",
      "   3.560e-01  3.307e-02 -1.072e-01  7.018e-01]\n",
      " [ 2.719e-01  2.304e-01 -5.572e-01 -6.654e-01 -3.037e-01 -1.518e-01\n",
      "   1.819e-03  1.036e-02  6.535e-02 -1.872e-03]\n",
      " [ 3.358e-01  1.294e-01  2.123e-01 -2.576e-02 -1.259e-01  3.235e-01\n",
      "  -5.718e-01  5.756e-01 -2.145e-01  1.380e-03]\n",
      " [ 2.837e-01 -5.880e-01 -3.019e-02  1.035e-01 -5.498e-02 -5.433e-01\n",
      "   1.682e-01  4.768e-01  9.105e-02  6.343e-04]\n",
      " [ 2.561e-01 -6.870e-01  4.456e-02 -2.795e-01 -2.744e-02  5.094e-01\n",
      "  -3.270e-02 -3.478e-01  2.382e-03  1.673e-03]]\n"
     ]
    }
   ],
   "source": [
    "# since we use np.linalg.eigh here, so the eigenvalues is given in ascending order\n",
    "# we just need to reverse it to get in descending of eigenvalues.\n",
    "eigvals,eigvecs = eigvals[::-1], eigvecs[:,::-1]\n",
    "with np.printoptions(precision=3):\n",
    "    print(\"eigenvalues:\\n\",eigvals)\n",
    "    print(\"eigenvectors:\\n\",eigvecs)"
   ]
  },
  {
   "cell_type": "markdown",
   "metadata": {},
   "source": [
    "### (5) Plot the eigenvalues of the eigenmodes versus the eigenmode numbers."
   ]
  },
  {
   "cell_type": "code",
   "execution_count": 7,
   "metadata": {},
   "outputs": [
    {
     "data": {
